[(3, 4)]
[(2, 6), (3, 4)]
[(1, 10), (3, 4), (2, 6)]
[(2, 6), (3, 4)]
[(2, 6), (3, 4), (4, 44)]
[(2, 6), (2, 22), (4, 44), (3, 4)]
[(2, 22), (3, 4), (4, 44)]
0
0
1
1
2
2
3
3
4
4
5
5
6
6
6
6
7
7
8
8
9
9
10
10
11
11
11
12
12
13
13
12
12
12
12
13
13
14
14
15
15
16
14
14
14
14
13
13
15
15
14
14
16
16
15
15
15
15
16
16
16
17
17
18
18
19
19
20
20
20
21
21
22
22
22
23
23
24
21
21
21
22
22
23
23
24
24
25
25
26
26
26
27
27
27
27
28
28
29
29
30
30
31
31
32
32
32
33
33
34
34
35
35
36
36
36
37
37
38
38
39
39
40
40
41
37
37
38
38
39
39
40
40
33
33
41
41
42
28
28
28
34
34
34
29
29
35
35
27
27
28
28
29
29
30
30
30
31
31
32
32
33
33
34
34
35
35
36
36
37
37
38
38
38
39
39
40
40
41
41
41
41
42
42
43
43
44
44
44
45
45
45
46
46
47
47
48
48
49
49
50
50
51
51
52
52
53
53
54
54
54
54
55
55
55
55
56
56
57
57
58
58
59
59
60
60
61
61
62
62
63
63
64
64
65
65
65
66
66
66
67
67
68
68
69
69
70
70
71
71
72
72
72
72
73
73
74
74
74
75
75
76
76
77
77
78
78
78
78
79
79
79
79
80
80
81
81
81
82
82
83
83
84
84
85
85
86
86
87
87
('The number of steps to', (31, 39), 'is', 88)
0
0
1
1
2
1
1
2
2
3
3
4
4
5
5
6
6
6
6
7
7
8
8
9
9
10
7
7
7
7
8
8
8
8
9
9
9
9
9
9
10
10
10
11
11
12
12
13
13
14
11
11
12
12
12
10
10
10
10
10
10
10
11
11
11
11
11
13
13
11
11
14
14
12
12
12
12
12
12
12
12
12
12
12
12
13
13
13
13
13
13
15
15
13
13
13
13
13
13
16
16
16
14
14
14
14
14
14
14
15
15
16
17
17
17
17
17
15
15
15
15
15
15
15
18
18
18
16
16
18
18
18
18
18
16
16
16
16
16
16
19
19
17
17
17
17
19
19
17
17
19
19
18
18
20
18
20
18
20
20
19
19
21
21
20
20
20
22
22
22
21
21
21
21
22
22
23
23
24
24
24
25
25
26
25
25
26
26
23
23
23
23
23
23
21
21
27
27
22
22
22
22
22
22
22
22
28
28
29
29
30
30
24
24
24
24
24
24
24
24
23
23
23
23
25
25
23
23
31
31
25
25
25
25
24
24
24
24
24
26
26
26
26
26
24
24
24
26
26
26
32
32
32
33
33
34
34
35
35
36
36
36
37
37
37
38
38
39
39
40
40
41
41
41
41
42
42
42
42
43
43
44
44
44
45
45
46
46
46
47
47
48
48
49
49
47
47
47
48
45
45
45
43
43
42
42
44
44
25
25
25
25
27
27
25
25
25
25
27
27
27
27
25
25
27
27
27
27
33
33
28
28
34
34
26
26
26
26
28
28
35
35
35
35
36
36
29
29
29
29
27
27
37
37
27
27
36
36
36
36
30
30
30
31
31
32
32
33
33
34
34
35
35
36
28
28
28
28
28
28
30
30
30
38
38
29
29
31
31
29
29
37
37
31
31
38
38
38
32
32
32
32
30
30
30
30
33
33
31
31
39
39
39
31
31
33
33
32
32
34
34
32
32
40
40
34
34
35
33
33
35
41
41
42
42
43
43
44
44
45
45
46
46
47
47
48
48
48
48
49
49
49
49
49
49
49
49